0.103334 0.000000
-0.258811 0.000000
-0.344417 0.000000
0.056304 0.000000
0.538914 0.000000
-0.430527 0.000000
0.302775 0.000000
0.008097 0.000000
0.173108 0.000000
-0.210153 0.000000
-0.226444 0.000000
-0.326936 0.000000
-0.177035 0.000000
-0.087124 0.000000
0.188767 0.000000
0.449452 0.000000
-0.203339 0.000000
0.448478 0.000000
-0.272808 0.000000
-0.124475 0.000000
0.029472 0.000000
0.190320 0.000000
-0.341865 0.000000
0.007929 0.000000
0.010034 0.000000
0.247310 0.000000
0.193428 0.000000
0.159335 0.000000
-0.164795 0.000000
-0.528607 0.000000
0.511274 0.000000
-0.134438 0.000000
0.020120 0.000000
-0.278560 0.000000
-0.311818 0.000000
0.252510 0.000000
0.053367 0.000000
0.226499 0.000000
0.368198 0.000000
-0.076550 0.000000
0.316262 0.000000
0.024091 0.000000
-0.008408 0.000000
-0.046184 0.000000
-0.308543 0.000000
0.397332 0.000000
-0.153926 0.000000
-0.227123 0.000000
0.121447 0.000000
-0.106564 0.000000
0.515290 0.000000
-0.223327 0.000000
-0.021515 0.000000
-0.177357 0.000000
-0.199039 0.000000
0.651351 0.000000
0.003146 0.000000
-0.026984 0.000000
0.080342 0.000000
0.186045 0.000000
1.160656 1.000000
1.211984 1.000000
1.006339 1.000000
1.307094 1.000000
0.951041 1.000000
0.913848 1.000000
1.369206 1.000000
1.375468 1.000000
0.960340 1.000000
1.207600 1.000000
1.097322 1.000000
0.948302 1.000000
1.557060 1.000000
0.875141 1.000000
0.953422 1.000000
1.342707 1.000000
1.086592 1.000000
0.778448 1.000000
1.633589 1.000000
1.773828 1.000000
0.771656 1.000000
0.613992 1.000000
0.944631 1.000000
0.642549 1.000000
1.299555 1.000000
0.850273 1.000000
0.602104 1.000000
1.105113 1.000000
0.870524 1.000000
0.794260 1.000000
1.059783 1.000000
1.304993 1.000000
0.983691 1.000000
1.227957 1.000000
1.266729 1.000000
1.127928 1.000000
1.064363 1.000000
1.557983 1.000000
0.677704 1.000000
0.765956 1.000000
0.542615 1.000000
0.817362 1.000000
0.730137 1.000000
0.994412 1.000000
0.855795 1.000000
1.419589 1.000000
1.076901 1.000000
0.390802 1.000000
1.034991 1.000000
0.918623 1.000000
0.629334 1.000000
0.680651 1.000000
0.902200 1.000000
1.220155 1.000000
1.022015 1.000000
0.785247 1.000000
0.891519 1.000000
0.874300 1.000000
1.082748 1.000000
1.121739 1.000000
